0 5E-11 1.5E-10 2.3E-10 4.55E-10 7.1E-10 0.00000000101 0.00000000133 0.00000000175 0.00000000228
0 5E-11 1.5E-10 2.3E-10 4.55E-10 7.1E-10 0.00000000101 0.00000000133 0.00000000175 0.00000000228
0 5E-11 1.5E-10 2.3E-10 4.55E-10 7.1E-10 0.00000000101 0.00000000133 0.00000000175 0.00000000228
0 5E-11 1.5E-10 2.3E-10 4.55E-10 7.1E-10 0.00000000101 0.00000000133 0.00000000175 0.00000000228
0 5E-11 1.5E-10 2.3E-10 4.55E-10 7.1E-10 0.00000000101 0.00000000133 0.00000000175 0.00000000228
0 5E-11 1.5E-10 2.3E-10 4.55E-10 7.1E-10 0.00000000101 0.00000000133 0.00000000175 0.00000000228
0 5E-11 1.5E-10 2.3E-10 4.55E-10 7.1E-10 0.00000000101 0.00000000133 0.00000000175 0.00000000228
0 5E-11 1.5E-10 2.3E-10 4.55E-10 7.1E-10 0.00000000101 0.00000000133 0.00000000175 0.00000000228
0 5E-11 1.5E-10 2.3E-10 4.55E-10 7.1E-10 0.00000000101 0.00000000133 0.00000000175 0.00000000228
0 5E-11 1.5E-10 2.3E-10 4.55E-10 7.1E-10 0.00000000101 0.00000000133 0.00000000175 0.00000000228
0 5E-11 1.5E-10 2.3E-10 4.55E-10 7.1E-10 0.00000000101 0.00000000133 0.00000000175 0.00000000228       
0 4.5E-12 1E-11 2E-11 3.5E-11 6.5E-11 9.5E-11 1.25E-10 1.6E-10 2.05E-10
0 4.5E-12 1E-11 2E-11 3.5E-11 6.5E-11 9.5E-11 1.25E-10 1.6E-10 2.05E-10
0 4.5E-12 1E-11 2E-11 3.5E-11 6.5E-11 9.5E-11 1.25E-10 1.6E-10 2.05E-10
0 4.5E-12 1E-11 2E-11 3.5E-11 6.5E-11 9.5E-11 1.25E-10 1.6E-10 2.05E-10
0 4.5E-12 1E-11 2E-11 3.5E-11 6.5E-11 9.5E-11 1.25E-10 1.6E-10 2.05E-10
0 4.5E-12 1E-11 2E-11 3.5E-11 6.5E-11 9.5E-11 1.25E-10 1.6E-10 2.05E-10
0 4.5E-12 1E-11 2E-11 3.5E-11 6.5E-11 9.5E-11 1.25E-10 1.6E-10 2.05E-10
0 4.5E-12 1E-11 2E-11 3.5E-11 6.5E-11 9.5E-11 1.25E-10 1.6E-10 2.05E-10
0 4.5E-12 1E-11 2E-11 3.5E-11 6.5E-11 9.5E-11 1.25E-10 1.6E-10 2.05E-10
0 4.5E-12 1E-11 2E-11 3.5E-11 6.5E-11 9.5E-11 1.25E-10 1.6E-10 2.05E-10
0 4.5E-12 1E-11 2E-11 3.5E-11 6.5E-11 9.5E-11 1.25E-10 1.6E-10 2.05E-10
